[Rain]
ps=Weather/Rain
offset=0 1 0
skytop=0.198148 0.198148 0.198148 1
skybot=0.394444 0.394444 0.394444 1
rate=2500
clouds=0.198148 0.198148 0.198148 1
