[Sand]
ps=Weather/Sand
offset=-2 0 0
rate=10
skybot=1 0.746296 0.490741 1
